488210.0227	2.689695047 1.322421174	250351.9051	3.366173735 2.997816424 1.688854796	  574367.711   11229318.1 -2990670.137
454626.5404	2.689603305  1.31702106	224350.0581	3.359745583 2.989302276 1.693797689	 -109216.502 -31092.40464  35128.56358
456360.2346	2.689649176 1.319718894	222815.4584	3.362948694 2.993549787 1.691326701	 4155.318543  1801080.792 -457310.8097
454594.0403	 2.68962624 1.318369421	222700.3483	3.361344405 2.991423644 1.692562315	-105022.3321   12163.6585  23422.22656
454132.0674	2.683481273 1.304904538	-200358.0687	3.332293401 2.979115896 1.674666419	198490.9041 -31434.9287 35038.67562
453577.3126	2.686252728 1.300562446	-180491.7124	3.336466772 2.980574409 1.677631915	 164954.8127 -18868.39467  34618.72877
452277.696	2.684288846 1.297386623	255685.4702	3.319261638 2.982425555 1.652857963	-145171.579 -29447.2137 31547.07394
506696.2984	2.679449315 1.282762859	88171.07542	3.287371594 2.983436777 1.610699563	 842098.3232  13970124.39 -3726052.826
458740.1135	 2.68186841 1.290057824	148835.3659	3.303237056 2.982956231   1.6316383	 193405.8271  4582184.369 -1203835.744
452445.7564	 2.68307846 1.293717994	198105.6504	3.311229534 2.982697249 1.642212972	-57620.09439  962671.3597 -232808.6041
452043.7507	2.683683611 1.295551251	229137.51	3.315240642 2.982563003 1.647526673	-122637.306 135207.8986 -11779.9076
472190.4362	2.655844527 1.192701499	-276496.8424	3.126504117 2.943196546 1.467917612	318350.3384 3400.415948 43494.95356
452092.1722	2.669741744 1.243236848	-263615.3122	3.217028369 2.962040694 1.554131814	 283196.9777 -13824.01169  32822.61375
450172.1961	2.676707097 1.269171668	-119558.4578	3.265141559 2.972084383 1.599903139	 132270.2517 -1445.016046  28324.06719
449941.1079	2.671691308  1.26082247	-185196.2195	3.236973766 2.966756563 1.572311314	202301.7794 57107.38819 12627.33663
449591.3904	2.669892875 1.265350254	-41593.52377	3.232348855 2.965740653  1.56805477	103472.0045 11439.32652 19565.82886
449487.5588	2.670802225 1.263686114	15496.15639	3.232249537 2.965408436 1.568413061	 41324.51341 -25167.25077  30767.90665
449438.4592	2.670053366 1.260117636	6795.275501	3.224295876  2.96372686 1.560879556	 42392.04778 -23486.50996  31554.00063
449369.6735	2.66919458 1.25872298	31604.52028	3.218932354 2.962620719  1.55533176	 30729.49053 -28481.49624  31274.74007
449083.2392	2.665993052 1.246392691	-54586.55742	  3.1928644 2.957444105 1.525412381	 104867.6193  272728.5126 -45208.09753
448824.708	2.667089849  1.25031576	23446.53544	3.201727258  2.95860092 1.534903375	 13507.0424 16022.62532  23379.9816
448470.2233	2.665656172 1.251102463	-39408.79151	3.201537311  2.95808545 1.531194928	 92981.60376   114902.053 -5084.423914
448370.1153	2.664758037 1.249401913	-91768.57044	3.198104833 2.956870801 1.526200203	138769.6936 93782.94358 1258.889447
448176.8248	2.663990721 1.248997834	-18535.70141	3.194054188 2.955254863 1.522069358	 86651.24503 -28520.76426  30473.96229
447960.2726	2.663835649 1.245991872	-62171.16415	3.191052164 2.953938143 1.515896999	 103225.9948 -6995.621861  28612.87485
447775.7273	2.664288722 1.245831617	-14402.53045	3.192024087 2.953672657 1.514248799	53292.84922 21013.07701 21563.15563
447743.918	2.663694736 1.245406795	-70453.01414	3.191231023 2.953043931 1.509425242	  120363.058  184412.7067 -22499.63401
447511.2837	2.663493407 1.244512624	69002.23232	3.187151141 2.951145582 1.504078446	-7866.389902 -1446.908679  24373.03147
447563.5395	2.662934402 1.242289351	-90276.0874	3.185743706 2.950080933 1.497306351	 140044.4707   170738.148 -18645.24035
447448.7718	2.663213895 1.243400572	2144.456912	3.186131237 2.950482379 1.500544091	 51541.3628 39077.39028 14918.71429
447409.4355	2.663240105 1.243625538	-9783.561656	3.187089749  2.95028067 1.500031412	64511.18902 37393.15865 15214.53643
447306.1695	2.663613674 1.244336296	2913.616377	3.189837927 2.949885936 1.500743963	 50664.02945 -15999.76904  29197.62315
447230.261	2.663790708  1.24350012	-14753.24866	3.190063948 2.949176651 1.498516022	 57746.38591 -15481.67274  30499.36256
447061.6164	2.663882029 1.242602634	36842.04446	3.189232312 2.947525281  1.49421452	   8182.1982 -19054.61582  31075.69112
450307.3535	2.663252036 1.240193974	-244190.6647	3.197571128 2.947834149 1.485125473	  368024.944  1422041.645 -354502.4329
447280.3304	2.663567021 1.241397815	-148549.3296	 3.19159556 2.946896229 1.488819209	188306.7779 26762.57235 20175.55745
447031.6937	2.663724522 1.242000102	-48818.5047	3.189951293 2.947010378 1.491300159	  86949.4065 -15326.54526   31174.0975
446911.5504	2.663280813 1.241179427	8158.347132	3.186753971 2.945681659 1.487683769	 40480.21092 -20344.75364  31006.21843
446803.2072	2.662085988 1.237892424	-88523.65944	3.181901485 2.942619018 1.476294465	 132594.1738 -16375.03369  31089.69429
446584.7202	2.661639106 1.237089843	82990.22914	3.176860425 2.940705843 1.473649908	-17059.13288 -29065.41321  30686.86041
446344.1239	2.660673903 1.233964345	14823.36383	3.172453697 2.937847639  1.46530714	 42095.98116 -23318.59018  30806.33116
449332.7294	2.657291779 1.223197495	-227992.4391	3.170281895 2.933509326 1.443992904	 287159.6817 -13675.72137  31319.52354
446701.7323	 2.65898251 1.228570975	-183712.5021	 3.16850078 2.934342061 1.453241297	237147.7582 -14133.9696 31078.70223
446281.6906	2.659828124 1.231265174	-87401.35099	3.169730085 2.935747146 1.458910584	 133140.4399 -14919.34475   31012.3589
446086.5355	2.659849676 1.230550197	-21840.3144	3.168050867 2.934736031 1.458462471	 64567.84831 -15643.25912  30963.03427
445593.517	2.658400328 1.225895323	13743.82652	3.160373008 2.929385601 1.449852009	 23194.00264 -14125.62449  30867.40981
447129.4339	2.653176766 1.212396793	-212818.1063	3.148030467 2.920057389 1.427179117	 289905.2649 -13318.45572   30870.2384
445425.4501	2.655787756 1.219130222	-132806.9899	3.151917271 2.923591698 1.437439348	 191783.5949 -13802.04636  30796.07511
444816.2103	2.654307796 1.215815658	7393.97604	3.140764095 2.919466147 1.430212822	 31139.47054 -13788.26517   30622.9495
443936.4089	2.648172337 1.201598318	-33889.14677	3.112891058 2.907017388 1.403965246	 85615.38242 -13147.11999  30203.84083
444183.0163	2.636483717 1.177802817	-164976.6408	3.069661944 2.888772705  1.36239734	    297886.7 -11429.01029  29090.08402
443451.0725	2.642324041 1.189649253	-95100.13496	3.089338548 2.896875265 1.382269851	177755.5303 -12432.9878 29664.39289
442292.7327	2.633852972   1.1755798	-8306.668703	3.052001721 2.882209945 1.352792827	 55398.32328 -11526.31248  28342.96311
442216.1441	2.622964412 1.158426028	-109901.155	3.013619158 2.866742135 1.320110367	 254211.9218 -9785.668887  26464.44237
441495.4859	2.620514306 1.157660616	104695.6007	2.997834695 2.860062048 1.312811804	-182400.1533 -9981.496443   25592.1112
441168.9323	2.616869119 1.153058565	-24329.97457	2.987039519 2.854797969 1.304471663	 88902.38972 -9471.487847  24915.84224
441077.4576	2.615821799  1.15169289	-1195.752694	2.982097809 2.852593972 1.301560107	 36783.35507 -9349.731583  24623.97406
440989.139	 2.61200339 1.146269263	-977.722169	2.966514335 2.845601648  1.29146636	 32264.09907 -8733.292276  23631.06194
440935.3295	2.612217052 1.145672625	25193.59389	2.965650488 2.844892642 1.291648528	 -33315.7764 -8667.967086  23579.11597
440865.1345	2.611548698 1.142700683	22383.06785	 2.96123941 2.842361551 1.289435868	-30358.20923 -8285.805399  23297.05004
440727.2001	2.611642551 1.133450288	-10505.16108	2.955760519  2.83867637 1.286585615	 47431.98757 -6820.633906  22887.56341
440506.3093	2.615428709 1.129541908	2140.532582	2.965047388  2.84210942 1.292634002	 10327.78848 -5935.099052  23453.99716
442495.4846	2.628882916 1.104306233	-203092.7315	 2.99761318 2.856536934 1.307577453	235170.7406 46578.59046 27634.03575
440924.815	2.622150481 1.116859546	-83567.31065	2.980785802  2.84901108 1.299964172	83281.35944 20076.40764 25221.00927
440630.9312	2.618788262 1.123184596	-60301.02344	2.972769323 2.845476281 1.296260115	32651.45698 17867.65394 24760.80665
440516.9039	2.617108152  1.12635922	-53368.26713	2.968870077 2.843771081 1.294436845	19401.92965 16793.48419 24544.64591
440469.4534	2.616268347 1.127949556	-35373.74214	2.966948976 2.842934708  1.29353281	14664.59631 9676.362387 24170.38713
440398.8241	2.620336834 1.133136575	22056.5646	2.982163438 2.849376536 1.303738731	-85019.70823   2981.53592  24921.09196
440350.8619	2.622930748 1.135577383	658.9140321	2.991323093  2.85249549 1.310758408	-40702.2051 5200.489794 25668.43782
440318.2051	2.624310886 1.137730436	-8092.381027	2.997146122 2.855236429 1.314009796	-6387.118867  2894.829681  25905.23145
440266.8967	2.625335688 1.140210577	-37191.37683	3.002998894 2.859558419 1.314667334	 39830.0531 6615.506647 26269.96757
440211.3917	2.623554976  1.14146149	-30427.00674	2.999824035 2.861729805 1.306905449	 78711.89017 -4004.299622  25391.70134
440146.4582	2.621667923 1.140091997	-54217.96468	2.993936878  2.86191959 1.298684383	86696.50954 4928.870617 25210.41684
440025.8047	2.617735187 1.137446133	-61706.91913	2.980566104 2.860872037 1.282737051	69192.80146 11652.98747 24265.51699
439873.2355	2.616259073 1.138498123	-77142.78652	2.976983894 2.864887212 1.271757713	87426.75147 15000.44462 23746.08797
439563.2256	2.615014265 1.141058606	-77638.63922	 2.97391283 2.871247565 1.258202936	90591.82652 14494.75061 22939.11532
439266.3642	2.615477271 1.144271218	16926.03314	2.974431364 2.875321227 1.253407991	-38538.80552 -3052.047471  22004.04212
1137687.336	2.621319226 1.167916148	446807.9932	3.038313872 2.930604896 1.243847482	 1857045.833  25878615.72 -6923694.396
460519.0916	2.618397242  1.15604042	-168246.1273	2.998467282 2.899679216 1.245336051	  778430.117  7947652.531 -2107482.675
439173.8896	2.616937005 1.150142503	-86772.41012	2.984574068 2.886710349 1.248604898	172365.5854 2229.253192 22438.98491
439025.5229	2.617623662 1.148771716	-11442.71398	2.984036385 2.883345409 1.253521691	 17152.68522 -502.6494632  22513.84047
438904.6243	2.618298224 1.150773955	-25602.04236	2.987434298 2.887514923 1.251556353	29893.12692 3153.301973 22709.89487
797665.0621	2.619268567 1.161967119	146743.4316	3.007259029 2.915509199 1.232098732	 1609232.529  21796090.55 -5828387.664
476511.0771	2.618783367 1.156358607	-102329.6594	 2.99492875 2.900534095  1.24081018	 870542.5128  11127149.15 -2962180.064
438779.4844	2.618540789 1.153563299	-66846.85077	2.990596373 2.893785397 1.245940451	93826.55864 55206.81979 10317.47003
438773.5965	2.618361287 1.151266897	-26756.86744	2.986904976  2.88956346 1.247897062	2985.037942 8707.299719 22734.51304
438711.2841	2.618128665 1.151751331	-21029.78994	2.986064246 2.890590243  1.24530725	429.4784644 6757.058513 22500.41428
438655.2342	2.617896055 1.152235946	-22218.50243	2.985376458 2.891681725  1.24277586	9806.129504 5467.210146 22305.02703
744855.9632	 2.61673926 1.159626598	102170.1417	2.993523914 2.911057682 1.221459248	 1553646.425     20892269 -5586398.389
501302.2037	2.617317618 1.155926067	-49951.26884	2.987107565 2.900429067 1.231152661	 985971.8623  13542725.38 -3613620.603
444750.3833	2.617606827 1.154079705	-41135.88699	 2.98568224 2.895828408 1.236737101	 298513.6161  3922201.635 -1030195.717
438907.3747	2.617751438   1.1531575	-28744.46362	2.985392606 2.893699342 1.239701411	 60442.46681  556248.6569 -125951.6555
438619.7842	2.617823746 1.152696642	-24190.55547	2.985350744  2.89267673  1.24122508	17615.02432 29505.15564 15661.31243
438607.7448	2.618073292 1.153072563	-2388.38557	2.985763548  2.89290749 1.241516199	-12117.01808  51769.98916  8720.285274
438629.6911	2.618908878 1.153288906	30866.68945	2.986988204 2.892445492 1.244026872	-70267.83558 -1406.391248   22156.1194
438607.2622	2.618491064  1.15318073	14738.73249	 2.98636881 2.892675248 1.242766036	-43345.23761  1361.959111  21807.86888
438593.1153	2.618701036 1.153083438	-6834.089776	2.986713243 2.892916941 1.242800865	-12038.57236  17716.18881  18460.55016
438591.2453	2.618329239 1.152907466	-3871.404979	2.985326929  2.89275836 1.241265043	-12356.72888   35614.2511  13204.03244
438590.4182	2.618210125 1.152838949	563.3722668	 2.98483011  2.89263005 1.240829258	-18917.43155  29510.37819  14583.38443
438589.8878	 2.61814592 1.152749244	1977.795814	2.984427214 2.892536132   1.2404594	-21944.56104  27148.92926  15164.84072